tensor([[-5.3090e-04, -3.9156e-03,  6.4088e-04,  1.7478e-03, -8.7444e-04,
         -1.8350e-05, -9.5786e-04, -9.4276e-04, -7.0242e-04,  1.3901e-03,
          7.4319e-04,  1.7759e-03,  9.9212e-04, -3.2624e-03,  2.4016e-03,
         -6.9894e-04,  2.0913e-03, -3.7938e-03,  2.2166e-03, -3.7524e-03],
        [-7.8481e-03,  2.9138e-02,  9.1463e-03, -1.5675e-02,  1.1107e-03,
          8.4697e-03,  4.9678e-04,  1.6122e-02,  1.5412e-02, -5.1034e-03,
         -1.2430e-03, -1.0150e-02, -1.4693e-02,  1.6069e-02, -2.1541e-02,
          1.4615e-02, -1.0032e-02,  2.7727e-02, -2.0754e-02,  2.0762e-02],
        [ 8.9137e-03, -1.1717e-02, -9.6324e-03,  7.8621e-03,  2.8267e-03,
         -6.4028e-03,  2.8099e-03, -9.4968e-03, -1.0742e-02, -1.0744e-03,
         -1.6015e-03,  1.6619e-03,  1.0286e-02, -3.1034e-03,  9.8207e-03,
         -1.1087e-02,  7.3052e-04, -9.0800e-03,  9.8067e-03, -7.3824e-03],
        [ 1.0606e-02,  5.3899e-03, -7.7979e-03, -7.0943e-04,  6.0271e-03,
         -2.3240e-03,  5.9177e-03,  7.5637e-04, -6.3992e-03, -7.7518e-03,
         -1.2701e-03, -9.2552e-03,  6.5263e-03,  9.3527e-03, -3.2512e-03,
         -8.6680e-03, -7.9339e-03,  1.0903e-02, -1.8007e-03,  3.6453e-03],
        [-3.0610e-03, -2.2576e-02,  3.6951e-03,  1.0077e-02, -5.0416e-03,
         -1.0580e-04, -5.5226e-03, -5.4355e-03, -4.0499e-03,  8.0145e-03,
          4.2849e-03,  1.0239e-02,  5.7201e-03, -1.8810e-02,  1.3847e-02,
         -4.0298e-03,  1.2058e-02, -2.1874e-02,  1.2780e-02, -2.1634e-02],
        [-2.5764e-02, -1.3092e-02,  1.8942e-02,  1.7233e-03, -1.4640e-02,
          5.6453e-03, -1.4375e-02, -1.8373e-03,  1.5544e-02,  1.8830e-02,
          3.0851e-03,  2.2482e-02, -1.5853e-02, -2.2719e-02,  7.8974e-03,
          2.1055e-02,  1.9272e-02, -2.6484e-02,  4.3740e-03, -8.8549e-03],
        [-9.9700e-04, -7.3533e-03,  1.2035e-03,  3.2823e-03, -1.6421e-03,
         -3.4460e-05, -1.7988e-03, -1.7704e-03, -1.3191e-03,  2.6105e-03,
          1.3957e-03,  3.3351e-03,  1.8631e-03, -6.1267e-03,  4.5101e-03,
         -1.3126e-03,  3.9274e-03, -7.1246e-03,  4.1626e-03, -7.0467e-03],
        [-3.0188e-03, -2.2265e-02,  3.6441e-03,  9.9382e-03, -4.9721e-03,
         -1.0434e-04, -5.4465e-03, -5.3606e-03, -3.9940e-03,  7.9040e-03,
          4.2258e-03,  1.0098e-02,  5.6413e-03, -1.8550e-02,  1.3656e-02,
         -3.9743e-03,  1.1892e-02, -2.1572e-02,  1.2604e-02, -2.1336e-02],
        [-3.9087e-02,  5.1379e-02,  4.2238e-02, -3.4476e-02, -1.2395e-02,
          2.8077e-02, -1.2322e-02,  4.1644e-02,  4.7102e-02,  4.7111e-03,
          7.0227e-03, -7.2875e-03, -4.5103e-02,  1.3609e-02, -4.3064e-02,
          4.8615e-02, -3.2034e-03,  3.9816e-02, -4.3003e-02,  3.2372e-02],
        [ 2.1803e-03,  1.6081e-02, -2.6320e-03, -7.1781e-03,  3.5912e-03,
          7.5361e-05,  3.9338e-03,  3.8718e-03,  2.8848e-03, -5.7088e-03,
         -3.0522e-03, -7.2935e-03, -4.0745e-03,  1.3398e-02, -9.8631e-03,
          2.8705e-03, -8.5889e-03,  1.5581e-02, -9.1032e-03,  1.5410e-02],
        [-6.5785e-04, -3.3430e-04,  4.8366e-04,  4.4002e-05, -3.7383e-04,
          1.4415e-04, -3.6704e-04, -4.6913e-05,  3.9691e-04,  4.8080e-04,
          7.8776e-05,  5.7404e-04, -4.0479e-04, -5.8010e-04,  2.0165e-04,
          5.3763e-04,  4.9209e-04, -6.7624e-04,  1.1169e-04, -2.2610e-04],
        [-1.1628e-02, -5.9092e-03,  8.5494e-03,  7.7779e-04, -6.6079e-03,
          2.5480e-03, -6.4879e-03, -8.2925e-04,  7.0159e-03,  8.4988e-03,
          1.3925e-03,  1.0147e-02, -7.1551e-03, -1.0254e-02,  3.5645e-03,
          9.5033e-03,  8.6984e-03, -1.1953e-02,  1.9742e-03, -3.9966e-03],
        [ 1.2274e-03,  9.0525e-03, -1.4817e-03, -4.0408e-03,  2.0216e-03,
          4.2424e-05,  2.2145e-03,  2.1796e-03,  1.6239e-03, -3.2137e-03,
         -1.7182e-03, -4.1058e-03, -2.2937e-03,  7.5424e-03, -5.5523e-03,
          1.6159e-03, -4.8350e-03,  8.7709e-03, -5.1245e-03,  8.6751e-03],
        [-3.1077e-03, -1.5793e-03,  2.2848e-03,  2.0787e-04, -1.7660e-03,
          6.8096e-04, -1.7339e-03, -2.2162e-04,  1.8750e-03,  2.2713e-03,
          3.7214e-04,  2.7118e-03, -1.9122e-03, -2.7404e-03,  9.5262e-04,
          2.5398e-03,  2.3247e-03, -3.1946e-03,  5.2761e-04, -1.0681e-03],
        [-2.0188e-03, -1.0259e-03,  1.4842e-03,  1.3503e-04, -1.1472e-03,
          4.4235e-04, -1.1264e-03, -1.4396e-04,  1.2180e-03,  1.4755e-03,
          2.4174e-04,  1.7616e-03, -1.2422e-03, -1.7802e-03,  6.1882e-04,
          1.6498e-03,  1.5101e-03, -2.0752e-03,  3.4274e-04, -6.9384e-04],
        [-2.7296e-03, -2.0132e-02,  3.2951e-03,  8.9865e-03, -4.4959e-03,
         -9.4348e-05, -4.9249e-03, -4.8472e-03, -3.6115e-03,  7.1471e-03,
          3.8211e-03,  9.1310e-03,  5.1010e-03, -1.6774e-02,  1.2348e-02,
         -3.5936e-03,  1.0753e-02, -1.9506e-02,  1.1397e-02, -1.9293e-02],
        [ 1.4029e-04,  1.0347e-03, -1.6935e-04, -4.6186e-04,  2.3107e-04,
          4.8490e-06,  2.5311e-04,  2.4912e-04,  1.8562e-04, -3.6732e-04,
         -1.9639e-04, -4.6929e-04, -2.6217e-04,  8.6210e-04, -6.3462e-04,
          1.8470e-04, -5.5263e-04,  1.0025e-03, -5.8573e-04,  9.9156e-04],
        [ 2.1183e-02,  1.0764e-02, -1.5574e-02, -1.4168e-03,  1.2037e-02,
         -4.6415e-03,  1.1819e-02,  1.5106e-03, -1.2780e-02, -1.5482e-02,
         -2.5366e-03, -1.8484e-02,  1.3034e-02,  1.8679e-02, -6.4932e-03,
         -1.7311e-02, -1.5845e-02,  2.1775e-02, -3.5963e-03,  7.2804e-03],
        [-7.2698e-03, -1.2223e-02,  6.6093e-03,  4.8172e-03, -2.2651e-03,
          4.7642e-03, -6.6038e-03,  1.5123e-03,  2.1315e-03,  8.1772e-03,
          2.5799e-03,  6.4108e-03,  1.6436e-03, -1.4214e-02,  8.0362e-03,
          1.1251e-03,  7.4551e-03, -9.9141e-03,  5.0447e-03, -1.9157e-02],
        [ 1.2089e-03,  8.9159e-03, -1.4593e-03, -3.9798e-03,  1.9911e-03,
          4.1783e-05,  2.1810e-03,  2.1467e-03,  1.5994e-03, -3.1652e-03,
         -1.6922e-03, -4.0438e-03, -2.2591e-03,  7.4286e-03, -5.4685e-03,
          1.5915e-03, -4.7620e-03,  8.6385e-03, -5.0472e-03,  8.5441e-03],
        [ 3.0109e-03, -1.1179e-02, -3.5089e-03,  6.0136e-03, -4.2612e-04,
         -3.2494e-03, -1.9059e-04, -6.1851e-03, -5.9128e-03,  1.9579e-03,
          4.7687e-04,  3.8941e-03,  5.6368e-03, -6.1649e-03,  8.2642e-03,
         -5.6069e-03,  3.8488e-03, -1.0637e-02,  7.9624e-03, -7.9652e-03],
        [ 5.9017e-03, -2.1911e-02, -6.8779e-03,  1.1787e-02, -8.3523e-04,
         -6.3691e-03, -3.7357e-04, -1.2123e-02, -1.1590e-02,  3.8377e-03,
          9.3470e-04,  7.6328e-03,  1.1049e-02, -1.2084e-02,  1.6199e-02,
         -1.0990e-02,  7.5440e-03, -2.0850e-02,  1.5607e-02, -1.5613e-02],
        [ 1.0752e-02,  5.4638e-03, -7.9049e-03, -7.1916e-04,  6.1097e-03,
         -2.3559e-03,  5.9989e-03,  7.6674e-04, -6.4870e-03, -7.8581e-03,
         -1.2875e-03, -9.3821e-03,  6.6158e-03,  9.4810e-03, -3.2958e-03,
         -8.7869e-03, -8.0427e-03,  1.1052e-02, -1.8254e-03,  3.6953e-03],
        [ 3.9432e-04,  2.9083e-03, -4.7601e-04, -1.2982e-03,  6.4948e-04,
          1.3629e-05,  7.1144e-04,  7.0022e-04,  5.2172e-04, -1.0325e-03,
         -5.5199e-04, -1.3190e-03, -7.3688e-04,  2.4231e-03, -1.7838e-03,
          5.1913e-04, -1.5533e-03,  2.8178e-03, -1.6463e-03,  2.7870e-03],
        [-1.3063e-03, -6.6383e-04,  9.6042e-04,  8.7375e-05, -7.4232e-04,
          2.8623e-04, -7.2884e-04, -9.3157e-05,  7.8815e-04,  9.5474e-04,
          1.5643e-04,  1.1399e-03, -8.0380e-04, -1.1519e-03,  4.0043e-04,
          1.0676e-03,  9.7716e-04, -1.3428e-03,  2.2178e-04, -4.4897e-04],
        [-1.1452e-02, -5.8194e-03,  8.4194e-03,  7.6597e-04, -6.5075e-03,
          2.5093e-03, -6.3894e-03, -8.1665e-04,  6.9093e-03,  8.3697e-03,
          1.3713e-03,  9.9928e-03, -7.0464e-03, -1.0098e-02,  3.5103e-03,
          9.3588e-03,  8.5662e-03, -1.1772e-02,  1.9442e-03, -3.9359e-03],
        [-2.8574e-02, -1.4521e-02,  2.1008e-02,  1.9113e-03, -1.6237e-02,
          6.2611e-03, -1.5943e-02, -2.0377e-03,  1.7240e-02,  2.0884e-02,
          3.4217e-03,  2.4934e-02, -1.7582e-02, -2.5197e-02,  8.7589e-03,
          2.3352e-02,  2.1375e-02, -2.9373e-02,  4.8512e-03, -9.8209e-03],
        [ 5.7828e-02, -1.5262e-01, -7.0575e-02,  8.8173e-02,  3.6932e-03,
         -5.7161e-02,  6.8403e-03, -1.0049e-01, -9.3186e-02,  1.7904e-02,
         -3.7698e-03,  5.0809e-02,  8.7619e-02, -7.3232e-02,  1.1848e-01,
         -8.9616e-02,  4.1839e-02, -1.4354e-01,  1.1510e-01, -9.9041e-02],
        [ 4.4741e-02, -5.8811e-02, -4.8348e-02,  3.9463e-02,  1.4188e-02,
         -3.2138e-02,  1.4104e-02, -4.7668e-02, -5.3916e-02, -5.3926e-03,
         -8.0386e-03,  8.3417e-03,  5.1627e-02, -1.5577e-02,  4.9294e-02,
         -5.5648e-02,  3.6668e-03, -4.5576e-02,  4.9223e-02, -3.7055e-02],
        [-1.2709e-02,  4.0370e-02,  1.5765e-02, -2.2853e-02,  1.1235e-04,
          1.3342e-02, -3.5742e-04,  2.4741e-02,  2.2315e-02, -5.8143e-03,
          2.6945e-04, -1.4212e-02, -2.1588e-02,  2.1206e-02, -3.0558e-02,
          2.1626e-02, -1.2135e-02,  3.8029e-02, -2.9528e-02,  2.7790e-02],
        [ 8.1825e-04,  6.0350e-03, -9.8776e-04, -2.6938e-03,  1.3477e-03,
          2.8282e-05,  1.4763e-03,  1.4530e-03,  1.0826e-03, -2.1424e-03,
         -1.1454e-03, -2.7371e-03, -1.5291e-03,  5.0282e-03, -3.7015e-03,
          1.0772e-03, -3.2233e-03,  5.8472e-03, -3.4163e-03,  5.7833e-03],
        [-1.2989e-02,  4.1259e-02,  1.6112e-02, -2.3356e-02,  1.1482e-04,
          1.3636e-02, -3.6530e-04,  2.5286e-02,  2.2807e-02, -5.9423e-03,
          2.7539e-04, -1.4525e-02, -2.2064e-02,  2.1673e-02, -3.1231e-02,
          2.2102e-02, -1.2402e-02,  3.8866e-02, -3.0178e-02,  2.8402e-02],
        [-1.4684e-03, -1.0830e-02,  1.7726e-03,  4.8344e-03, -2.4187e-03,
         -5.0755e-05, -2.6494e-03, -2.6076e-03, -1.9429e-03,  3.8448e-03,
          2.0556e-03,  4.9121e-03,  2.7442e-03, -9.0237e-03,  6.6427e-03,
         -1.9332e-03,  5.7845e-03, -1.0494e-02,  6.1310e-03, -1.0379e-02],
        [ 7.4355e-04,  5.4840e-03, -8.9759e-04, -2.4479e-03,  1.2247e-03,
          2.5700e-05,  1.3415e-03,  1.3204e-03,  9.8378e-04, -1.9468e-03,
         -1.0409e-03, -2.4873e-03, -1.3895e-03,  4.5692e-03, -3.3636e-03,
          9.7890e-04, -2.9290e-03,  5.3134e-03, -3.1044e-03,  5.2553e-03],
        [ 1.2859e-03,  9.4844e-03, -1.5523e-03, -4.2336e-03,  2.1181e-03,
          4.4448e-05,  2.3201e-03,  2.2835e-03,  1.7014e-03, -3.3670e-03,
         -1.8001e-03, -4.3016e-03, -2.4031e-03,  7.9023e-03, -5.8172e-03,
          1.6930e-03, -5.0656e-03,  9.1894e-03, -5.3690e-03,  9.0889e-03],
        [ 5.8784e-03,  2.9872e-03, -4.3219e-03, -3.9319e-04,  3.3404e-03,
         -1.2881e-03,  3.2798e-03,  4.1920e-04, -3.5467e-03, -4.2963e-03,
         -7.0392e-04, -5.1295e-03,  3.6171e-03,  5.1836e-03, -1.8019e-03,
         -4.8041e-03, -4.3972e-03,  6.0427e-03, -9.9800e-04,  2.0204e-03],
        [-1.8280e-02, -9.2896e-03,  1.3440e-02,  1.2227e-03, -1.0388e-02,
          4.0055e-03, -1.0199e-02, -1.3036e-03,  1.1029e-02,  1.3361e-02,
          2.1890e-03,  1.5952e-02, -1.1248e-02, -1.6120e-02,  5.6035e-03,
          1.4940e-02,  1.3674e-02, -1.8791e-02,  3.1035e-03, -6.2829e-03],
        [-1.6732e-02, -8.5028e-03,  1.2302e-02,  1.1192e-03, -9.5081e-03,
          3.6663e-03, -9.3355e-03, -1.1932e-03,  1.0095e-02,  1.2229e-02,
          2.0036e-03,  1.4601e-02, -1.0296e-02, -1.4754e-02,  5.1289e-03,
          1.3674e-02,  1.2516e-02, -1.7200e-02,  2.8407e-03, -5.7507e-03],
        [ 6.7457e-04,  4.9752e-03, -8.1431e-04, -2.2208e-03,  1.1111e-03,
          2.3316e-05,  1.2171e-03,  1.1979e-03,  8.9251e-04, -1.7662e-03,
         -9.4430e-04, -2.2565e-03, -1.2606e-03,  4.1453e-03, -3.0515e-03,
          8.8809e-04, -2.6573e-03,  4.8205e-03, -2.8164e-03,  4.7678e-03],
        [-2.7279e-02, -1.3863e-02,  2.0056e-02,  1.8246e-03, -1.5502e-02,
          5.9774e-03, -1.5220e-02, -1.9454e-03,  1.6459e-02,  1.9938e-02,
          3.2666e-03,  2.3804e-02, -1.6785e-02, -2.4055e-02,  8.3620e-03,
          2.2294e-02,  2.0406e-02, -2.8042e-02,  4.6313e-03, -9.3758e-03],
        [-1.0320e-02, -5.2445e-03,  7.5877e-03,  6.9030e-04, -5.8646e-03,
          2.2614e-03, -5.7582e-03, -7.3597e-04,  6.2267e-03,  7.5428e-03,
          1.2358e-03,  9.0056e-03, -6.3503e-03, -9.1005e-03,  3.1635e-03,
          8.4343e-03,  7.7200e-03, -1.0609e-02,  1.7521e-03, -3.5471e-03],
        [ 4.5917e-02, -4.0715e-02, -4.5821e-02,  2.9510e-02,  1.4068e-02,
         -2.9337e-02,  1.7798e-02, -3.8914e-02, -4.9463e-02, -1.1675e-02,
         -5.4537e-03, -1.9931e-03,  4.4115e-02, -2.0742e-03,  3.5232e-02,
         -5.0923e-02, -3.8764e-03, -2.8622e-02,  3.8124e-02, -1.8709e-02],
        [ 2.3969e-02, -6.0825e-02, -2.8905e-02,  3.4973e-02,  4.7355e-04,
         -2.4449e-02,  3.7429e-03, -4.1950e-02, -3.8767e-02,  7.0130e-03,
         -9.5790e-04,  2.0162e-02,  3.4260e-02, -2.8221e-02,  4.7516e-02,
         -3.5956e-02,  1.6926e-02, -5.8839e-02,  4.6839e-02, -3.5920e-02],
        [-2.4200e-04, -1.7848e-03,  2.9213e-04,  7.9670e-04, -3.9859e-04,
         -8.3644e-06, -4.3662e-04, -4.2973e-04, -3.2018e-04,  6.3363e-04,
          3.3876e-04,  8.0951e-04,  4.5223e-04, -1.4871e-03,  1.0947e-03,
         -3.1860e-04,  9.5329e-04, -1.7293e-03,  1.0104e-03, -1.7104e-03],
        [ 2.4994e-02,  1.2702e-02, -1.8376e-02, -1.6718e-03,  1.4203e-02,
         -5.4767e-03,  1.3946e-02,  1.7824e-03, -1.5080e-02, -1.8268e-02,
         -2.9930e-03, -2.1810e-02,  1.5380e-02,  2.2040e-02, -7.6616e-03,
         -2.0427e-02, -1.8697e-02,  2.5693e-02, -4.2434e-03,  8.5905e-03],
        [ 1.6965e-02, -5.3891e-02, -2.1045e-02,  3.0507e-02, -1.4998e-04,
         -1.7811e-02,  4.7714e-04, -3.3028e-02, -2.9789e-02,  7.7616e-03,
         -3.5970e-04,  1.8972e-02,  2.8819e-02, -2.8308e-02,  4.0793e-02,
         -2.8869e-02,  1.6199e-02, -5.0765e-02,  3.9417e-02, -3.7098e-02],
        [-7.8015e-04, -1.3117e-03,  7.0927e-04,  5.1694e-04, -2.4307e-04,
          5.1126e-04, -7.0868e-04,  1.6229e-04,  2.2874e-04,  8.7752e-04,
          2.7685e-04,  6.8796e-04,  1.7638e-04, -1.5253e-03,  8.6239e-04,
          1.2074e-04,  8.0003e-04, -1.0639e-03,  5.4137e-04, -2.0558e-03],
        [ 1.7665e-02,  8.9769e-03, -1.2988e-02, -1.1816e-03,  1.0038e-02,
         -3.8707e-03,  9.8561e-03,  1.2597e-03, -1.0658e-02, -1.2911e-02,
         -2.1154e-03, -1.5415e-02,  1.0870e-02,  1.5577e-02, -5.4149e-03,
         -1.4437e-02, -1.3214e-02,  1.8159e-02, -2.9991e-03,  6.0714e-03],
        [-1.7734e-02, -9.0121e-03,  1.3039e-02,  1.1862e-03, -1.0078e-02,
          3.8859e-03, -9.8947e-03, -1.2647e-03,  1.0700e-02,  1.2961e-02,
          2.1236e-03,  1.5475e-02, -1.0912e-02, -1.5638e-02,  5.4361e-03,
          1.4493e-02,  1.3266e-02, -1.8230e-02,  3.0108e-03, -6.0952e-03],
        [-2.2962e-02, -1.1669e-02,  1.6882e-02,  1.5359e-03, -1.3048e-02,
          5.0314e-03, -1.2811e-02, -1.6375e-03,  1.3854e-02,  1.6782e-02,
          2.7497e-03,  2.0037e-02, -1.4129e-02, -2.0248e-02,  7.0386e-03,
          1.8766e-02,  1.7176e-02, -2.3604e-02,  3.8984e-03, -7.8920e-03],
        [-5.4159e-03, -2.7522e-03,  3.9819e-03,  3.6226e-04, -3.0776e-03,
          1.1867e-03, -3.0218e-03, -3.8623e-04,  3.2677e-03,  3.9583e-03,
          6.4855e-04,  4.7260e-03, -3.3325e-03, -4.7758e-03,  1.6602e-03,
          4.4262e-03,  4.0513e-03, -5.5673e-03,  9.1949e-04, -1.8614e-03],
        [ 4.4917e-04,  2.2826e-04, -3.3024e-04, -3.0044e-05,  2.5524e-04,
         -9.8421e-05,  2.5061e-04,  3.2032e-05, -2.7100e-04, -3.2829e-04,
         -5.3787e-05, -3.9195e-04,  2.7638e-04,  3.9608e-04, -1.3769e-04,
         -3.6709e-04, -3.3600e-04,  4.6173e-04, -7.6258e-05,  1.5438e-04],
        [-2.8542e-04, -2.1051e-03,  3.4455e-04,  9.3966e-04, -4.7011e-04,
         -9.8653e-06, -5.1496e-04, -5.0684e-04, -3.7764e-04,  7.4732e-04,
          3.9955e-04,  9.5477e-04,  5.3338e-04, -1.7539e-03,  1.2911e-03,
         -3.7577e-04,  1.1243e-03, -2.0396e-03,  1.1917e-03, -2.0173e-03],
        [-2.2637e-04, -1.6695e-03,  2.7326e-04,  7.4523e-04, -3.7284e-04,
         -7.8242e-06, -4.0841e-04, -4.0197e-04, -2.9950e-04,  5.9269e-04,
          3.1688e-04,  7.5722e-04,  4.2302e-04, -1.3910e-03,  1.0240e-03,
         -2.9802e-04,  8.9170e-04, -1.6176e-03,  9.4511e-04, -1.5999e-03],
        [-1.3716e-02, -6.9703e-03,  1.0084e-02,  9.1745e-04, -7.7944e-03,
          3.0055e-03, -7.6529e-03, -9.7815e-04,  8.2756e-03,  1.0025e-02,
          1.6425e-03,  1.1969e-02, -8.4399e-03, -1.2095e-02,  4.2045e-03,
          1.1210e-02,  1.0260e-02, -1.4100e-02,  2.3287e-03, -4.7142e-03],
        [ 1.1006e-02,  5.5931e-03, -8.0920e-03, -7.3618e-04,  6.2544e-03,
         -2.4117e-03,  6.1409e-03,  7.8489e-04, -6.6406e-03, -8.0442e-03,
         -1.3180e-03, -9.6042e-03,  6.7724e-03,  9.7054e-03, -3.3738e-03,
         -8.9949e-03, -8.2331e-03,  1.1314e-02, -1.8686e-03,  3.7828e-03],
        [ 2.3659e-02, -7.4956e-02, -2.8947e-02,  4.1930e-02, -2.3096e-03,
         -2.6402e-02,  1.4644e-03, -4.7895e-02, -4.2713e-02,  1.1172e-02,
          7.1550e-04,  2.6657e-02,  3.8241e-02, -3.8853e-02,  5.6782e-02,
         -3.9437e-02,  2.3474e-02, -7.3146e-02,  5.5832e-02, -4.6983e-02],
        [-7.0099e-03, -3.5623e-03,  5.1538e-03,  4.6887e-04, -3.9834e-03,
          1.5360e-03, -3.9111e-03, -4.9990e-04,  4.2294e-03,  5.1233e-03,
          8.3942e-04,  6.1169e-03, -4.3133e-03, -6.1814e-03,  2.1488e-03,
          5.7288e-03,  5.2437e-03, -7.2058e-03,  1.1901e-03, -2.4093e-03],
        [ 8.7481e-04,  6.4521e-03, -1.0560e-03, -2.8800e-03,  1.4409e-03,
          3.0237e-05,  1.5783e-03,  1.5535e-03,  1.1574e-03, -2.2905e-03,
         -1.2246e-03, -2.9263e-03, -1.6348e-03,  5.3758e-03, -3.9573e-03,
          1.1517e-03, -3.4461e-03,  6.2514e-03, -3.6524e-03,  6.1830e-03],
        [ 1.4566e-03,  1.0743e-02, -1.7584e-03, -4.7955e-03,  2.3992e-03,
          5.0347e-05,  2.6281e-03,  2.5866e-03,  1.9272e-03, -3.8139e-03,
         -2.0391e-03, -4.8726e-03, -2.7221e-03,  8.9512e-03, -6.5893e-03,
          1.9177e-03, -5.7380e-03,  1.0409e-02, -6.0817e-03,  1.0295e-02],
        [ 2.5159e-03,  1.8556e-02, -3.0371e-03, -8.2829e-03,  4.1440e-03,
          8.6961e-05,  4.5393e-03,  4.4677e-03,  3.3288e-03, -6.5875e-03,
         -3.5220e-03, -8.4161e-03, -4.7017e-03,  1.5461e-02, -1.1381e-02,
          3.3123e-03, -9.9108e-03,  1.7979e-02, -1.0504e-02,  1.7782e-02],
        [ 1.4128e-03, -5.6193e-03, -1.9720e-03,  3.1027e-03,  2.3256e-04,
         -1.4229e-03, -2.2709e-04, -3.0113e-03, -2.9700e-03,  1.2476e-03,
         -1.2976e-05,  1.8876e-03,  3.1002e-03, -3.1895e-03,  4.4944e-03,
         -2.9285e-03,  1.7049e-03, -4.9991e-03,  3.9909e-03, -4.7215e-03],
        [-2.2720e-03, -1.1546e-03,  1.6704e-03,  1.5197e-04, -1.2911e-03,
          4.9784e-04, -1.2677e-03, -1.6203e-04,  1.3708e-03,  1.6606e-03,
          2.7207e-04,  1.9826e-03, -1.3980e-03, -2.0035e-03,  6.9645e-04,
          1.8568e-03,  1.6996e-03, -2.3355e-03,  3.8573e-04, -7.8089e-04],
        [-1.9337e-03,  7.1794e-03,  2.2536e-03, -3.8622e-03,  2.7367e-04,
          2.0869e-03,  1.2240e-04,  3.9723e-03,  3.7975e-03, -1.2574e-03,
         -3.0626e-04, -2.5010e-03, -3.6202e-03,  3.9594e-03, -5.3076e-03,
          3.6010e-03, -2.4719e-03,  6.8318e-03, -5.1138e-03,  5.1156e-03]],
       device='cuda:0')